   Step   Time    Walltime(s) Profile
      0   0.0000     0.0033   ▁▁▁▁▁▁▁▁▁▁▁▁▁▁▁▁▁▁▁▁▁▁▁▁█▁▁▁▁▁▁▁▁▁▁▁▁▁▁▁▁▁▁▁▁▁▁▁
  25000   5.0000     1.7389   ▁▁▁▁▁▁▁▁▁▁▁▁▁▂▂▃▄▄▅▅▆▇▆█▇▆▇▆▄▄▅▃▃▃▂▂▁▁▁▁▁▁▁▁▁▁▁▁
  50000  10.0000     3.3127   ▁▁▁▁▁▁▂▂▂▂▃▃▂▄▃▅▅▅▅█▅▆▆▇▆▇▇▆▇▆▆▄▅▄▄▃▃▂▂▂▂▂▁▁▂▁▁▁
  75000  15.0000     4.8867   ▁▂▂▃▁▃▂▂▃▃▃▄▃▄▅▆▅▆▆▅▆▆█▆▇▇▆▆▅▅▆▅▆▄▅▅▃▄▂▃▂▃▂▂▂▂▂▁
 100000  20.0000     6.4607   ▂▂▂▃▂▃▃▃▃▃▄▅▄▄▄▄▄▄▅▅▆█▇▇▅▆▆▇▄▄▄▆▅▄▄▅▃▄▄▃▃▂▃▂▃▂▃▂
 125000  25.0000     8.0342   ▃▂▄▃▄▃▄▄▄▄▆▅▅▅▅▆▆▆▅▅▅▇▆▆▆▆▅█▆▇▅▅▆▆▅▄▅▄▅▄▃▄▄▄▃▃▃▃
 150000  30.0000     9.6083   ▃▄▄▄▅▄▄▄▃▆▅▅▅▃▅▅▆▆▆▅▆▅▅▆▆▆▅▆▄▇█▅▅▅▅▅▆▅▃▄▄▃▄▄▃▄▃▄
 175000  35.0000    11.1823   ▅▅▄▅▅▄▅▅▇▅▆▅▅▅▆▆▇▇▆▇▆▇▇▇▆█▇▆▅▇▇▆▆▇▆▇▅▅▅▅▅▅▅▅▅▃▅▅
 200000  40.0000    12.7562   ▅▃▄▅▅▃▅▄▅▄▄▆▅▅▆▄▅▆▅▇▅▅▇▅▆▅█▆▆▇▆▅▅▅▅▆▅▅▆▄▄▅▅▅▄▅▅▅
 225000  45.0000    14.3300   ▄▅▅▅▅▅▄▅▅▅▆▅▆▆▅▆▅▆▅▆█▇▇▆▇▇▇▆▆▆▆▆▇▅▅▆▆▄▅▆▆▆▆▆▅▅▄▆
 250000  50.0000    15.9039   ▅▅▄▅▅▅▄▄▄▆▆▄▄▄▅▄▆▄▆▅▅█▆▆▆▆▅▆▅▆▅▆▅▅▅▅▅▄▄▅▄▄▅▆▄▅▅▄
 275000  55.0000    17.4777   ▄▅▅▆▅▅▆▆▆▆▅▅▆▆▇▇▆▆▅▅█▅▅▇▇▆▆▅▇▆▆▇▇▆▅▆▆▅▇▅▇▅▄▅▆▆▅▆
 300000  60.0000    19.0514   ▅▆▅▄▄▅▆█▅▅▆▅▅▅▅▇▆▅▆▆▆▆▆▅▆▇▇▅▆▆▅▅▇▅▆▆▅▆▅▆▄▆▅▆▄▄▅▅
 325000  65.0000    20.6254   ▅▆▆▇▅▆▅▅▆▆▇█▆▆▆▆▆▆▇▅▇▇▇▆▇▆▅▆█▇▇▆▆▆▆▇▅▅▆▆▆▅▇▇▆▇▆▄
 350000  70.0000    22.1991   ▄▆▅▅▆█▅▆▆▇▆▆▆▆▆▅▅▅▅▇▅▇▇▆▄▇▆▄▆▆▆▆▅▇▅▅▄▆▅▄▅▇▅▆▆▆▆▄
 375000  75.0000    23.7728   ▅▅▆▆▆▅▇▆▅█▇▆▆▆▆▅▇▅▅▅▅▇▆▆▅█▅▅▆▆▆▆▆▇▇▄▅▅▆▆▆▅▄▅▅▆▆▆
 400000  80.0000    25.3472   ▆▅▅▅▆▅▆▆▆▇▇▇▆▅▆▆▇▇▆▅▆▅▇█▆▆▆▆▆█▅▆▅▆▅▆▇▇▅▅▇▅▅▅▅▆▆▇
 425000  85.0000    26.9208   ▆▆▅▅▇▅▅▇▆▇▅█▆▇▆▆▆▆▆▆▆▇▇▅▇▆▇▇▅▅▆▆▇▆▆▇▆▇▆▅▆▅▅▇▅▆▆▆
 450000  90.0000    28.4945   ▅▄▄▆▅▅▆▆▆▅▅▄▇▅█▇▅▅▅▆▆▆█▆▅▅▆▆▄▆▅▅▆▅▆▆▆▇▆▆▅▆▆▆▇▆▅▅
 475000  95.0000    30.0683   ▆▅▅▆▅▆▆▄▇▆▆▆▆▄▆▇▆▆▅▆▅▅▆▆▆▅▅▆▅▇▆▆▇▅█▇▆▅▇▆▅▆▆▆▆▅▄▅
 500000 100.0000    31.6421   ▅▅▆▅▄▆▅▆▅▅▆▅▄▅▅▆▆▅█▄▅▅▇▄▅▆▅▅▇▄▅▇▅▆▇▅▆▅▆▇▅▆▅▄▅▅▄▅
   Step   Time    Walltime(s) Profile
      0   0.0000     0.0025   ▁▁▁▁▁▁▁▁▁▁▁▁▁▁▁▁▁▁▁▁▁▁▁▁█▁▁▁▁▁▁▁▁▁▁▁▁▁▁▁▁▁▁▁▁▁▁▁
  25000   5.0000     0.9348   ▁▁▁▁▁▁▁▁▁▁▁▁▁▁▁▁▁▁▁▁▁▁▁▁█▁▁▁▁▁▁▁▁▁▁▁▁▁▁▁▁▁▁▁▁▁▁▁
  50000  10.0000     1.7359   ▁▁▁▁▁▁▁▁▁▁▁▁▁▁▁▁▁▁▁▁▁▁▁▁█▁▁▁▁▁▁▁▁▁▁▁▁▁▁▁▁▁▁▁▁▁▁▁
  75000  15.0000     2.5331   ▁▁▁▁▁▁▁▁▁▁▁▁▁▁▁▁▁▁▁▁▁▁▁▁█▁▁▁▁▁▁▁▁▁▁▁▁▁▁▁▁▁▁▁▁▁▁▁
 100000  20.0000     3.3311   ▁▁▁▁▁▁▁▁▁▁▁▁▁▁▁▁▁▁▁▁▁▁▁▁█▁▁▁▁▁▁▁▁▁▁▁▁▁▁▁▁▁▁▁▁▁▁▁
 125000  25.0000     4.1291   ▁▁▁▁▁▁▁▁▁▁▁▁▁▁▁▁▁▁▁▁▁▁▁▁█▁▁▁▁▁▁▁▁▁▁▁▁▁▁▁▁▁▁▁▁▁▁▁
 150000  30.0000     4.9279   ▁▁▁▁▁▁▁▁▁▁▁▁▁▁▁▁▁▁▁▁▁▁▁▁█▁▁▁▁▁▁▁▁▁▁▁▁▁▁▁▁▁▁▁▁▁▁▁
 175000  35.0000     5.7348   ▁▁▁▁▁▁▁▁▁▁▁▁▁▁▁▁▁▁▁▁▁▁▁▁█▁▁▁▁▁▁▁▁▁▁▁▁▁▁▁▁▁▁▁▁▁▁▁
 200000  40.0000     6.5329   ▁▁▁▁▁▁▁▁▁▁▁▁▁▁▁▁▁▁▁▁▁▁▁▁█▁▁▁▁▁▁▁▁▁▁▁▁▁▁▁▁▁▁▁▁▁▁▁
 225000  45.0000     7.3316   ▁▁▁▁▁▁▁▁▁▁▁▁▁▁▁▁▁▁▁▁▁▁▁▁█▁▁▁▁▁▁▁▁▁▁▁▁▁▁▁▁▁▁▁▁▁▁▁
 250000  50.0000     8.1311   ▁▁▁▁▁▁▁▁▁▁▁▁▁▁▁▁▁▁▁▁▁▁▁▁█▁▁▁▁▁▁▁▁▁▁▁▁▁▁▁▁▁▁▁▁▁▁▁
 275000  55.0000     8.9293   ▁▁▁▁▁▁▁▁▁▁▁▁▁▁▁▁▁▁▁▁▁▁▁▁█▁▁▁▁▁▁▁▁▁▁▁▁▁▁▁▁▁▁▁▁▁▁▁
 300000  60.0000     9.7329   ▁▁▁▁▁▁▁▁▁▁▁▁▁▁▁▁▁▁▁▁▁▁▁▁█▁▁▁▁▁▁▁▁▁▁▁▁▁▁▁▁▁▁▁▁▁▁▁
 325000  65.0000    10.5313   ▁▁▁▁▁▁▁▁▁▁▁▁▁▁▁▁▁▁▁▁▁▁▁▁█▁▁▁▁▁▁▁▁▁▁▁▁▁▁▁▁▁▁▁▁▁▁▁
 350000  70.0000    11.3305   ▁▁▁▁▁▁▁▁▁▁▁▁▁▁▁▁▁▁▁▁▁▁▁▁█▁▁▁▁▁▁▁▁▁▁▁▁▁▁▁▁▁▁▁▁▁▁▁
 375000  75.0000    12.1276   ▁▁▁▁▁▁▁▁▁▁▁▁▁▁▁▁▁▁▁▁▁▁▁▁█▁▁▁▁▁▁▁▁▁▁▁▁▁▁▁▁▁▁▁▁▁▁▁
 400000  80.0000    12.9246   ▁▁▁▁▁▁▁▁▁▁▁▁▁▁▁▁▁▁▁▁▁▁▁▁█▁▁▁▁▁▁▁▁▁▁▁▁▁▁▁▁▁▁▁▁▁▁▁
 425000  85.0000    13.7250   ▁▁▁▁▁▁▁▁▁▁▁▁▁▁▁▁▁▁▁▁▁▁▁▁█▁▁▁▁▁▁▁▁▁▁▁▁▁▁▁▁▁▁▁▁▁▁▁
 450000  90.0000    14.5237   ▁▁▁▁▁▁▁▁▁▁▁▁▁▁▁▁▁▁▁▁▁▁▁▁█▁▁▁▁▁▁▁▁▁▁▁▁▁▁▁▁▁▁▁▁▁▁▁
 475000  95.0000    15.3220   ▁▁▁▁▁▁▁▁▁▁▁▁▁▁▁▁▁▁▁▁▁▁▁▁█▁▁▁▁▁▁▁▁▁▁▁▁▁▁▁▁▁▁▁▁▁▁▁
 500000 100.0000    16.1250   ▁▁▁▁▁▁▁▁▁▁▁▁▁▁▁▁▁▁▁▁▁▁▁▁█▁▁▁▁▁▁▁▁▁▁▁▁▁▁▁▁▁▁▁▁▁▁▁
   Step   Time    Walltime(s) Profile
      0   0.0000     0.0025   ▁▁▁▁▁▁▁▁▁▁▁▁▁▁▁▁▁▁▁▁▁▁▁▁█▁▁▁▁▁▁▁▁▁▁▁▁▁▁▁▁▁▁▁▁▁▁▁
  25000   5.0000     0.6678   ▁▁▁▁▁▁▁▁▁▁▁▁▁▁▁▁▁▁▁▁▁▁▁▁█▁▁▁▁▁▁▁▁▁▁▁▁▁▁▁▁▁▁▁▁▁▁▁
  50000  10.0000     1.2000   ▁▁▁▁▁▁▁▁▁▁▁▁▁▁▁▁▁▁▁▁▁▁▁▁█▁▁▁▁▁▁▁▁▁▁▁▁▁▁▁▁▁▁▁▁▁▁▁
  75000  15.0000     1.7322   ▁▁▁▁▁▁▁▁▁▁▁▁▁▁▁▁▁▁▁▁▁▁▁▁█▁▁▁▁▁▁▁▁▁▁▁▁▁▁▁▁▁▁▁▁▁▁▁
 100000  20.0000     2.2649   ▁▁▁▁▁▁▁▁▁▁▁▁▁▁▁▁▁▁▁▁▁▁▁▁█▁▁▁▁▁▁▁▁▁▁▁▁▁▁▁▁▁▁▁▁▁▁▁
 125000  25.0000     2.7975   ▁▁▁▁▁▁▁▁▁▁▁▁▁▁▁▁▁▁▁▁▁▁▁▁█▁▁▁▁▁▁▁▁▁▁▁▁▁▁▁▁▁▁▁▁▁▁▁
 150000  30.0000     3.3335   ▁▁▁▁▁▁▁▁▁▁▁▁▁▁▁▁▁▁▁▁▁▁▁▁█▁▁▁▁▁▁▁▁▁▁▁▁▁▁▁▁▁▁▁▁▁▁▁
 175000  35.0000     3.8692   ▁▁▁▁▁▁▁▁▁▁▁▁▁▁▁▁▁▁▁▁▁▁▁▁█▁▁▁▁▁▁▁▁▁▁▁▁▁▁▁▁▁▁▁▁▁▁▁
 200000  40.0000     4.4027   ▁▁▁▁▁▁▁▁▁▁▁▁▁▁▁▁▁▁▁▁▁▁▁▁█▁▁▁▁▁▁▁▁▁▁▁▁▁▁▁▁▁▁▁▁▁▁▁
 225000  45.0000     4.9361   ▁▁▁▁▁▁▁▁▁▁▁▁▁▁▁▁▁▁▁▁▁▁▁▁█▁▁▁▁▁▁▁▁▁▁▁▁▁▁▁▁▁▁▁▁▁▁▁
 250000  50.0000     5.4717   ▁▁▁▁▁▁▁▁▁▁▁▁▁▁▁▁▁▁▁▁▁▁▁▁█▁▁▁▁▁▁▁▁▁▁▁▁▁▁▁▁▁▁▁▁▁▁▁
 275000  55.0000     6.0056   ▁▁▁▁▁▁▁▁▁▁▁▁▁▁▁▁▁▁▁▁▁▁▁▁█▁▁▁▁▁▁▁▁▁▁▁▁▁▁▁▁▁▁▁▁▁▁▁
 300000  60.0000     6.5392   ▁▁▁▁▁▁▁▁▁▁▁▁▁▁▁▁▁▁▁▁▁▁▁▁█▁▁▁▁▁▁▁▁▁▁▁▁▁▁▁▁▁▁▁▁▁▁▁
 325000  65.0000     7.0737   ▁▁▁▁▁▁▁▁▁▁▁▁▁▁▁▁▁▁▁▁▁▁▁▁█▁▁▁▁▁▁▁▁▁▁▁▁▁▁▁▁▁▁▁▁▁▁▁
 350000  70.0000     7.6070   ▁▁▁▁▁▁▁▁▁▁▁▁▁▁▁▁▁▁▁▁▁▁▁▁█▁▁▁▁▁▁▁▁▁▁▁▁▁▁▁▁▁▁▁▁▁▁▁
 375000  75.0000     8.1464   ▁▁▁▁▁▁▁▁▁▁▁▁▁▁▁▁▁▁▁▁▁▁▁▁█▁▁▁▁▁▁▁▁▁▁▁▁▁▁▁▁▁▁▁▁▁▁▁
 400000  80.0000     8.6816   ▁▁▁▁▁▁▁▁▁▁▁▁▁▁▁▁▁▁▁▁▁▁▁▁█▁▁▁▁▁▁▁▁▁▁▁▁▁▁▁▁▁▁▁▁▁▁▁
 425000  85.0000     9.2151   ▁▁▁▁▁▁▁▁▁▁▁▁▁▁▁▁▁▁▁▁▁▁▁▁█▁▁▁▁▁▁▁▁▁▁▁▁▁▁▁▁▁▁▁▁▁▁▁
 450000  90.0000     9.7489   ▁▁▁▁▁▁▁▁▁▁▁▁▁▁▁▁▁▁▁▁▁▁▁▁█▁▁▁▁▁▁▁▁▁▁▁▁▁▁▁▁▁▁▁▁▁▁▁
